[gd_scene load_steps=6 format=2]

[ext_resource path="res://Spatial.gd" type="Script" id=1]
[ext_resource path="res://Object.gd" type="Script" id=2]

[sub_resource type="SphereMesh" id=1]

[sub_resource type="Shader" id=2]
code = "shader_type spatial;

void vertex() {
  float posxz = (float (VERTEX.x)*(VERTEX.x) ) + (float (VERTEX.z)*(VERTEX.z));
  float k =sin(sqrt(posxz) *TIME);
  VERTEX.y = k;
  
}"

[sub_resource type="ShaderMaterial" id=3]
shader = SubResource( 2 )

[node name="Spatial" type="Spatial"]
script = ExtResource( 1 )

[node name="Object" type="MeshInstance" parent="."]
transform = Transform( -0.919701, -0.171193, 0.353332, -0.0875813, 0.966711, 0.240414, -0.382727, 0.190163, -0.904078, 1.02288, -0.750306, 5.21168 )
mesh = SubResource( 1 )
material/0 = SubResource( 3 )
script = ExtResource( 2 )

[node name="DirectionalLight" type="DirectionalLight" parent="."]
transform = Transform( 0.99996, 0.0067981, -0.00589324, -0.00674555, 0.999938, 0.00889258, 0.00595333, -0.00885247, 0.999943, 7.46143, 2.2057, -3.76692 )

[node name="Camera" type="Camera" parent="."]
transform = Transform( -0.956403, -0.0149116, 0.291668, -0.00377946, 0.999244, 0.0386933, -0.292025, 0.035904, -0.955737, -0.0196913, 0.570968, -6.72159 )
current = true
